0.5333333333333333
0.0
0.0
0.1111111111111111
0.0
0.0
0.0
0.0
0.08695652173913043
0.0
0.0
0.0
0.0
0.0
0.0
0.0
0.0
0.25
0.0
0.0
0.0
0.0
0.0
0.07692307692307693
0.3333333333333333
0.25
0.0
0.0
0.0
0.0
0.2222222222222222
0.0
0.09090909090909091
0.0
0.0
0.0
0.0
0.0
0.0
0.2
0.0
0.0
0.0
0.2857142857142857
0.4
0.0
0.0
0.0
0.06666666666666667
0.0
0.058823529411764705
0.0
0.07142857142857142
0.09090909090909091
0.07142857142857142
0.84375
0.0
0.125
0.0
0.0
0.0
0.16666666666666666
0.5
0.0
0.0
0.0
0.08333333333333333
0.0
0.07692307692307693
0.0
0.2
0.2
0.0
0.5
0.0
0.4
0.5714285714285714
0.0
0.0
0.14285714285714285
0.0
0.0
0.0
0.2
0.0
0.1
0.0
0.0
0.25
0.0
0.2857142857142857
0.16666666666666666
0.0
0.0
0.0
0.0
0.07142857142857142
0.0
0.0
0.0
0.0
0.0
0.0
0.0
0.0
0.06666666666666667
0.0
0.0
0.6363636363636364
0.0
0.0
0.0
0.0
0.0
0.0
0.125
0.0
0.0
0.16666666666666666
0.0
0.0
0.0
0.0
0.0
0.0
0.0
0.0
0.3333333333333333
0.28
0.0
0.0
0.0
0.0
0.0
0.0
0.0
0.058823529411764705
0.0
0.0
0.0
0.0
0.16666666666666666
0.0
0.0
0.0
0.0
0.0
0.047619047619047616
0.0625
0.09090909090909091
0.0
0.25
0.0
0.0
0.0
0.14285714285714285
0.0
0.0
0.0
0.0
0.0
0.07142857142857142
0.0
0.5714285714285714
0.0
0.0
0.0
0.0
0.0
0.0
0.0
0.06666666666666667
0.0
0.35
0.0
0.0
0.0
0.0
0.25
0.0
0.0
0.0
0.0
0.0
0.2222222222222222
0.0
0.0
0.14285714285714285
0.0
0.4
0.0
0.0
0.0
0.0
0.0
0.16666666666666666
0.0
0.0
0.0
0.0
0.26666666666666666
0.16666666666666666
0.0
0.0
0.0
0.0
0.0
0.0
0.0
0.0
0.0
0.09090909090909091
0.0
0.0
0.125
0.0
0.2857142857142857
0.0
0.3333333333333333
0.0
0.0
0.0
0.0
0.2631578947368421
0.0
0.1111111111111111
0.0
0.0
0.0
0.0
0.0
0.0
0.0
0.0
0.25
0.0
0.0
0.0
0.125
0.25
0.0
0.16666666666666666
0.0
0.0
0.16666666666666666
0.0
0.0
0.37037037037037035
0.0
0.0
0.0
0.25
0.0
0.0
0.0
0.0
0.0
0.0
0.0
0.1111111111111111
0.1
0.06666666666666667
0.08333333333333333
0.0
0.0
0.1
0.0
0.0
0.1111111111111111
0.0
0.0
0.0
0.0
0.0
0.0
0.0
0.0
0.0
0.5384615384615384
0.17647058823529413
0.0
0.0
0.15384615384615385
0.0
0.18181818181818182
0.15384615384615385
0.11538461538461539
0.0
0.3076923076923077
0.0
0.0
0.0
0.0
0.0
0.058823529411764705
0.0
0.0
0.0
0.0
0.0
0.0
0.0
0.3333333333333333
0.0
0.0
0.041666666666666664
0.0
0.0
0.0
0.0
0.23076923076923078
0.08333333333333333
0.0
0.14285714285714285
0.0
0.0
0.0
0.25
0.15384615384615385
0.5
0.0
0.0
0.14285714285714285
0.0
0.0
0.0
0.0
0.29411764705882354
0.0
0.0
0.0
0.1
0.0
0.058823529411764705
0.75
0.0
0.0
0.0
0.0
0.2
0.0
0.0
0.18181818181818182
0.0
0.1111111111111111
0.0
0.0
0.125
0.25
0.0
0.2
0.0
0.0
0.0
0.0
0.0
0.0
0.0
0.0
0.0
0.0
0.0
0.21428571428571427
0.0
0.0
0.0
0.05
0.2692307692307692
0.08333333333333333
0.0
0.1
0.0
0.0
0.0
0.0
0.0
0.0
0.0
0.0
0.07142857142857142
0.0
0.0
0.0
0.0
0.0
0.0
0.0
0.05555555555555555
0.0
0.16666666666666666
0.0
0.125
0.0
0.0
0.0
0.16666666666666666
0.0
0.3
0.0
0.0
0.0
0.0
0.0
0.0
0.0
0.0
0.0
0.0
0.5
0.4
0.0
0.0
0.0
0.0
0.0
0.07142857142857142
0.0
0.0
0.0
0.0
0.0
0.0
0.0
0.0
0.0
0.07142857142857142
0.0
0.0
0.75
0.25
0.0
0.0
0.0
0.2222222222222222
0.0
0.0
0.0
0.15384615384615385
0.0
0.09090909090909091
0.3333333333333333
0.0
0.0
0.2857142857142857
0.0
0.0
0.0
0.0
0.0
0.0
0.0
0.0
0.0
0.14285714285714285
0.2222222222222222
0.0
0.0
0.4375
0.0
0.3333333333333333
0.0
0.0
0.0
0.5
0.0
0.25
0.0
0.0
0.0
0.0
0.0
0.125
0.0
0.0
0.0
0.0
0.0
0.0
0.0
0.0
0.0
0.0
0.0
0.0
0.0
0.0
0.14285714285714285
0.0
0.2
0.0
0.3333333333333333
0.0
0.0
0.0
0.08333333333333333
0.0
0.3333333333333333
0.0
0.0
0.2
